$ANSIBLE_VAULT;1.1;AES256
35373530376262383363346639663235626635366130626436376537343233623363363730636537
6635363139313435303465326334366631366163663536630a313134656231306633306632346434
64643535646261656466643663306234316161373039666138646262373538313061323162646462
3865636361623430630a633164303737623631366366666535386539393237343735313563353536
39393931653963623833653034653661343061393666653132383638663333333365363337363363
32313665643163623136366161643038356466396163356165386161343633326566633161386263
38373766383637656638333932323830643966343964656465376363636134653163326536393233
32383836393566353636303633383964353931636439663961343835636136323961623638393565
30386265383564646562326534633161373166636438336430303137333035323135613835386166
65343937383834363930656236373863663731396135636165346165343061393138663235373437
30313961326265353130623936626163393131626632663835333437353934313435373139373439
33333363623832323362326232663963356466613735366639663161363333623635633239373362
37323033386466303633613034346262356363633130303261666439653865646633356264373231
65656136336161613635333432336138393132656638316337633133653737356234663630623639
39633938353236306238633239383837333764303861316561616233313166313532363965386333
35366130383165613863623839303734623064643333626361376562303466316133633936643736
63303966613761396435306430303639313731653837316136633337313636643132643130613638
39323632386334656536633330646232343835323630633138393130393162346531626462623231
34343862353238336531643863656362626635616437633161306432626236316439333262333737
35646163626564363334646162636639343538363365666166343136383633393065613065663839
31376437653262346139613736353531393466366635386361623033343738376439396163323138
37363737343662663339373433353563323963623437616663623531376533373363353737616264
31653362346434326233643837343764376233626134366437623634363164353134346461313839
31633236396335653132616262343562626136386536643563363530656365343434633831353930
33373238633635393263666365363336386533353662333435383031613339396639343337376634
66376264636366646464306135623266363234306235613738666631393332613233613562643039
66663639616566373039393137636538323831396432393439653031363539646561613738323339
30623066346330363930656464636533636664366239336637666537366261653465353838653437
34626138623133633932323633316139346564336630343836643037623565376539326131323063
34393530626264316562656438306162336631666432383335363234623930643065313539653937
66303031343038613462316461633266323463366431626333333333363536313734373732386262
63663332393834666435646335613265393132663737333661613961646334363835666466343539
34326163393562313638663861353539346364666230656533313031646533626434643332616162
33646634373364666438646630666633636266323031356461343862303635393139643963313264
39326530623230666534366134653062393862663064303665613038393963666231313461346265
62653432633339366335353066663332346564306539393039323164316536353463643235316564
39363537656131346466313261353861343636346165653338366139356564303034623665313666
30326163356337613065303634306138663765656138613163666638343637326639656261663032
61646663663965336237356239613832626435633138643966346334386138393730353631656565
38653633626433616339613031333335396539653462666234353031326332623765353936373538
31346433313165333764356330653666636562373536623562316132646464333361346564366634
34653933306136326165373438356634333335386538346637666132386265373438363534363138
38373930346435366137373938643438316533343662346662396131653864393461323464376164
33366131653164303333376538386563306136396331363437636563323765346262383063333339
62373032623966353532333739393930626264623365643531376261373735333833616436393736
36396130636261663065323266336235653337313734646363333630663331346631343836356566
37623262396363393961633037363235373263663138656333663238373263316435353465303739
63326536376335666330643636346638373566303933643630653134316262376463306130646566
63396564633536386261626161363931653834323163346331326566303465346564366165353162
34316462656634653030386333636665363632343561396465613462333731303861353733616631
38393730393839636163383637383565303530366135383038616338313433376639306330363238
34323937336465613539323832383633386333383664616236636135366330343437316265353239
61376534666437373436383331306338396466343562663561316561643331323932646361363733
33346161356665393835643662613433363039366365343632623931313339623866646165633837
37633830363664646430663164316134643031643137313431663831313633353861653863313136
39653964386234666666353536323733333961373261626265353336663338613736633961323135
38366363396337393033646332616633616263616635376133333364656233383064343565616462
35396436383435396461386535633134313162613639653731323631323361656135306466643032
62343534306432623630623334323062626337383236643134303334616565656533666434656565
38346439326164616465316233306662653031386632346639353364643164316139376663373763
30383961386564353364356134623430643136636163316461383666613537333938616234363731
30646536656234653633616133313638346539326637393334613764386531613164306232303263
35383930663464626330366662636330303361633036373361663433643339393535383333356632
62316233346432383266623732623563646461373435333332393461306334303264313833653134
62636630306564363462626665386633383339616631393339373266653962316463623138303664
36613439653365323932303039623664333832646464633234663737656135643239636465336532
36316332633730653931353464616239653430613533396430343937636465336530393331663638
65633637363961356265623338346263623965383933323537646262373433346236323936663566
65366662653135643365386465373864313839356363656233626437653537373331353533643739
32633734363538366631633233646337396563376532663961326535346562303932326163393665
36303332666161343337313865353439396139653539653564303465643165366661386638396436
34616331646664636639386434343338623761396565386665393564333431356139323935646634
33333239303536616465616631393536336634386130366463623365616233653162373534656639
65343263373665663134623030396436386536636639626535383031393338653831353336613031
38623231616262323739376564646531386430623139623564363261656134386663386265313663
64663565666434356635353937323834663263643934346466653734363262303430646138383434
39666133633336306431656336323630373438346633373435393338626136343764656634373461
64353734636131313332336538333335383365646630326639333833383732343836346363393165
36633130353465396532313136313661626561313265303135626164663238353837646430356666
35666538613066366232323461633664613564306265646132353137646532623861306335633263
39363639303332373038323962613466613135613638656535303937663235343734633937366466
34353563363666663266353734636532303536623836623463373865633733613036306661373531
37636635623633656534346133333531363736643932656462386531366562313337636166356539
30363965376532326463656238333763323737303261643434333264643066636366363365306234
65623738343739623462616234396330306564376564623035653663386537343039663933623834
37333535303238363832383639323663623135316662303938643963373730646466313666613866
39393631303662323537313831313838636438323731623435633663633266656131643761333730
66623466626639646163
