$ANSIBLE_VAULT;1.1;AES256
38633134666135373831303666643332643330383564303765643633363430353635346262366330
3165353861383435326432336163306562353235376565320a623835366664623663383766323434
63633438353937343036613537393639646230313031393762666235366164353534346334323663
6136313364643962650a353630383233376266353738343738356464393131336431323438363363
36353861326431663438363264643863643265326161643866306638633438653539643336346632
32616266303363643264623364323739346639643362663138333539353665626662646261373634
64393332356133623264396565343235396466373638346134663338303364663737336434646533
39656161643565636134363864663662636331323837363534356163363535306463386631393161
64373432616363626639303431623432333566306237323832633862333535303533376332373965
39376637363335616238376462363936383038376337323537653735366363663934336134373739
64393430633362616333313630356631343430386534346266353066663639623739626562383834
66343465646462613466613039306437653466303231623034333238636265653233383434336230
38333337383034323337313036383261386432333238356264646163313734343666323762626265
65396561333832366464333336343730663261663961346566393835303536363339323965366635
38623738343837346261366234316130653035376439333837356530346332356238613430363932
62316134643339376335366431666466306462366363316539633437316364663162653737356163
65613430306338663365656665306634343538343136623365383365303333303362343230653061
61323366663638393534616362656336636433323662633639306434633034353065633162393931
33303063326261643732646132366265353131393435373764346133376537326538323664626131
61393034386466626364653961313830643865663331303165646439323531333861656432653631
34383334646462626162636561616232613731313765373631623464383139656130343930626636
34633066333265303263373038653031366334346663623039326138333039343761393736313139
37666361393365646666326631633864343064383965303962393836666236636332303866333336
66666632636439373831636430626662656265636563393666636361653330626231323731646538
61626366636334303461366235393334343739633638663539353433336234613862383361343235
32623233333437616532346235316339663863663862316136626131366635613539633835306561
35616363306334613961356239306339326530653766363939633263386363376532656661633030
35653366643136353438633464663034643663376335623966383631386566616438343062373363
33356331323361303936626536356639663130383765613431383237386637646339636466643666
63373137646634376333373036643337393535363862326637316336316263646631386334356638
36353963646239636533656236303563616332616136626230363636323763373631326534393961
38366432356363633965376262316561643662616636306463316164363434636261393663353437
64356139323362623662353135316361613465346431636438373339343866623532386662663833
64643237353662396335613964306636363433396138616665363133383739613964653632663565
30356137303131653434643762633765613661396332636635336437326534663634303063376361
38383832633031623565386261663666653736323162323663633365373530636166353235613139
36313466376561663664336162386332326639306634313530323033383932663433303037633132
62653232613663396534623136373465356566356632633339626465633163363862616634323735
65633930643939363230303537383661333264376135633834343431303133613664323936356436
66366462346132343032316637633535336536613931616638336164613739666438636133373066
38646263376133633132633332393333383932623062626134626666393333363733386430663762
63376333393765616637643639646565333037613161646331393562333233353739353263663762
37646165336461396637663939373661383930316333376434333266663938326662663130306236
65363265393036353930613137373965363264316533326138643934666636326262623735633834
64396365353136383066626531393034663538653962613033313862356338623738626633356234
31643063643330623437313835396231376332386231373836353135653838373466386132306631
31313361353539636466386635613461646537323761633136396533316463396431393437346364
63313534353431663530393335353238393761303161386662373064616565613663343433326332
61333964323033643134353166343265326133616563326235663165666336383762376635313331
61626335303961646535393536333137346535393333366235663337653463343534323239313938
35353864303938653966633836333339366632386230653231653735633335373130303139333536
38616435316531333563663963393930386366643338666161393732326437333966386330363262
65653065363763343861663262653564366135333532326433653939353230373638346134653334
39643930636531633236336262623134396265323137336232643936306139383961643537356639
65656637633430326636613761643736313233323064356565396439363435313936643762393635
38343335623265643739396539326462323431623531663134323837373661613838346236303239
35616134376232343239613864313538643133613266613765303230396137386632626534656432
39336638323139663532363039616436666266666430646533626264356664353534336462653239
63333430653865313830323364336661646333383734636362653561306335643063636663373638
33653330663962353739656464356265393232363865656465643736636430646166646535353438
35626235313430366662383364373862396664326665643336633031643863646633316366336530
32363662633338633730616533616465656132356563646130373935616637636139373033346336
37666363626231366232616539336533663262376536653632356663626563326239396366353936
39373166363536613966626466646266346265363964303832646263326137616634663661623361
63656339623962353662663434393061323233383665333237343034636564623233326237643933
61626138366366613564643563633137623763333566383765663830333335613539356261316233
31653538303733323432643538333334663334323464303037393237643035353831613930333837
36393561616531633734303438636537336236356531316232396334653562363630363866636565
36643666353135313532373036353838393461376339613761666137626465316461393638383936
37653536633064333161323336316366376536376661333663663235636537383737316164646634
66623938653233393336376464656339636131356266663431356435663061666336316666353166
33636535373331323834613338346665646563636664306165663931383731363039356531666530
36306334356232386232343565356365646536626465323962373535383630643234383537623530
65363736626161373565626233326161623231373536646562313063316538656161323863613562
61633062383133656335643964346238386262623361386162353439656663393063626466623965
33343736656465616337303532343161303436616463656564376563646439656266663662656563
33653932306135386261636538616639653063623562346530303835613330626333373263316132
39343233363964343061323463653362303439643034386138393561346462336162333732326361
64383231633636383964626533346566343638636438313435313163653666343763653532303665
33643833373734616662633134363034303163326631346630356461626235373939306138623238
33653633623736326536393530366434636463393861623139613833376163393663343135386636
34376430346330646163636535653465313263333366326534616661393937393564613566663934
34636430353639616436666131666165666539666538356635383634396437336431646236313837
39333734306662386239386138393962336161303030666632353232363633373662363163656433
30613633623431626634363839643739313662333830333366383032316330666665363835613931
66366233623062333061373163633435616161316230306537326661623261333062363532623734
66623038303164623835323232663839636263303835323830343963363564343863363838306534
36643862376563623065
