$ANSIBLE_VAULT;1.1;AES256
65623665623566623733626637643263343264663937373062616662333764643434323762633032
3039356634386164333730356334613533326261376662350a363164633737373332376362313763
62343462333839333463343135643463623030356266613566383339363435346361636135643135
3462303534343365340a323338343963656237313633333064373562363463386633366430393934
36353162336363393764643337393032636362616236616537636565343265323664373837613930
33343238303437366564373964343539656536346532393630616536646334373165383738373034
36653435623235363632333838396466613663306566643238346235306561363230323438393632
36393634363233396435666433613336666165636138623339343765396530626636303364393566
36303764666666316566373663306363653366323138346537643065343539326535396437353636
66346533303462636461666638646235613539633936376464306338616566663035316338646237
33313262623565333434643135353863663061346431376665346361646163373964376637313033
36633266356464623631333262393166326338373262666161373436316330643265653333613434
32616564336139376131383939616137363337313931333530646365323030313638343130333636
34323339313763366566643930313330313331353237313032356338366438333366393634343761
36656461666435303065616232623936613038393339353331643034616635323234303632373262
30343530373036323264323633393366316364353030633437336130373561636330313935333266
65383361663762356632333639363331373734373462343038613133383433383736666337616563
38336334346630363961646564363866303264343237613536643262366366356639626663343764
64353766656334313635346361633433386238623230326666393832323962656164613334383131
33323866386565356464316165613434346530373534663164363235353539663636356435316339
61383434326261656335376161653530323334643465633962303964613533663963626461333034
33613132356633356262313131613032366563303561383737616435373534316534313138313566
62373161653330316434396561626533393738393034343964393232653365353533396438643234
38356235633762356531383439633432636465363461316564373635393063653030613430373961
37376562613065396165373465323335373431316337663136353066353831313636633962623931
62643062316631633334343266353735393833646633366132636464623262653837633166343934
32353830326334613837323666363635643834346565303733343763376135363466333832323863
31323261323537343632666238376263303632623161326562626132313730663834633362316635
66613033386133316433336238616266356261613833313435363930393136326139316464366534
39653534393036653266326534323863303061616337366232386437353839323235663834343365
36303261343765373335343635333236663166346434653461366334613065326232363539343061
39636665623334363466323864303932663430663238316265373765666563616366623965313335
65636661396639653465353235333063656631313038303562333739656237323939653363363835
62386662656666313462633733323238663431633030396663303933313138383561303062633631
35623362363834333336333766363964633035346536383732353132393530333038336663353531
36663334383933643064313363646332306336396634313764313735356463326531386363653538
32313463613235336261616363323530393735333833356636613631653961333737633764363036
33643366393536333136333338353037653862303136343936393834623163353536613566383937
63613539396430346134396133333466343164666266623765393261326364356138366465323137
66623064643064656463323130363937653231623965613761636639396433313638386438383135
34633134383366636134626236376665623838306130636263623766393062613334383131393333
33303733613939396632636661366339383262336133336333663764623963646438326462613230
38386137356436393862303935663665363037646539623366323262353538343137633536316564
31336634333633396338326264363137356431393931393331333530613639343762386165313735
30333032633738663063336234393065646565633936336666633864623330333636303631366138
32356361303932643137313635613932663033346430623064363734313634373930666263626564
34366235643534323437613837303235656234353961303839356166646338313762333136663063
39643661366230636538343538346163313762633731303933613631386532396536363535313636
66656636346235613433653438333164613939396131663432323538626237613238373036316232
37316665373839633935663038363635643433303961383065336638643132666231663333653266
62643738643138616165343962396234343636613736656639383764323737623339656433646634
62333737373035633632363932373036313830353563623635383663313533346436343038653530
65373036626630313436613532306138363664666437663232623035383936633832383764303633
36306566653866653031626235373266653236616137366137396132626335636463336433353530
33336335396138306236353561643934623830346164383235346161343931323232626566336563
36323636373465343262316166356138623132316437306339656535346534666631343635653639
66653336616130653035396233303335396138666230323264613765373335316330396431666434
36356631343838306439643138336539303335616530633833356665646133366261616362313632
33303166303531336633353939646436326236373364616232353333346165613031333437623465
63613739656234626261303734343861623464336436383738313065626564613239316266626463
35363737376433613561376266363663626165393034306639633362633935383062623234303036
33396137633339636464303464393865393736373237343932336231346364613866666139626164
62333264366464376130613638336665643436653737356365353832303836633431396632633165
32353431363764613730653965333233323165306130636538326439363532346333663932333762
36636634373638643335326365363637626366643131643934386531626366636633316562383830
33386433323331653265316333303530633437323561353661353330343432363533636531363764
66323962383135383337386365666564623030366633623732656638383231323530633462393337
64366639333236666666303530653763663036643465323031313135646366666463656161353334
37396163363761313735646663373263393235313738613933323165613165343633353337393162
30313365643664343561653635393939376136626364643335323363656431333933656165396435
36396535643037326638623636666132373039636463353434613732613631656639396261306335
31313732316138653035316634333939336133653231326232326337303034316631393661313532
37396363646536373733383166663265643235323065633262323339343362303365366337623533
38316262636438656136653364343965633166383939653938643361303139656230623665646563
35646365633836626537646464353061636238313561656262353661623034613364636365353963
63303263356664633064626337363834653861373361643531333033366638396633343262383434
63323465616165306138653464336464393063633263623032656164366234373538383235393866
32326630346638306664323366613865613831343336373838306565393234373734303030353165
33396266666661363034333137393734613463633236323233313439363936653262623735336131
36333834393130353439656362376333383362633032643534616363643562663039343638383662
33383863653662363364343737366166663734643734373464366630666531363761613832386630
37323038303965343664643832336139363564366461643862623933316238643961366231313365
66303163363862383761313332613764363837386563623130653930636431353165353065363965
65666365363033343131363865383361383735326661353134303065346236633065396363393162
38366661323930663136643236643638323135323462643130646466303631363733323536326139
30633832663235356466656165366137666465313139346666386636303830383137636564663263
63393166646235663837383034613234656533633462656334613532366134633231313432343532
39353135366266653061
