$ANSIBLE_VAULT;1.1;AES256
33356632363731633365653135303162376535666130646335363332333863303234396461666536
3034316366613566653036323764353639666563656334350a653637313739363832386230646137
65386530363739633463326430343739356462613430643062373938643038623461616334346635
3334633062346630610a353037626239633661663736643466636337393462373436393831613630
62333234666664333335326433663530643338356630646137623431636566643366393263333265
36373731396337323338626563393630663431336566363562383032663332393466616635346633
36353938363137383033623162336130343963636266336338303862326335393461313762353163
30643762613939366236333337373864393732366335376532663866633935383535363566336134
31386637363865636531343633633630656634623635386537393263623031626165376537643066
63376162396261653761333566313363643936343266316334323433336563356464366566383166
37323165353262643864656130616338303536323961326266303861626432336437336539363636
66666236633965313964336134616536636238393932626534366263353562643334313833393432
33336266356562333531653763366562303435333062346531366531386233386462376635343838
62613330626539353437626432666637376366376362633431383166376237313433633730383636
39653064333132303962393935333736343064633066633964383231643631373566353363323032
35633033653730363134346338626335626634376463653365333330343338343231303738393465
62353732656364316334636439636632306231353336323636386261343166393430323638306230
3235663365623739383335613533303037663238666663633037
