$ANSIBLE_VAULT;1.1;AES256
31393539396438633364633564383562316335656137303963663134393030323830613135643530
3833616538396662313662323262663761376231626332630a613965356537613564383135646239
39313466356534616230363833313934613931336235393635366636393530663730303263636330
3538373831303534660a363034316339646139653664346130306336323133636164353632303630
31363061616636636661306364663863356565373531363666623937616563336338343166343238
62336133313961653732386632653437326239356335323537656334626231383561653661636165
64343662326631343336313437306338383361613361326334336430346233353937316235623231
36383032313832333036653138623939656266363963653330303465303439396163366236653730
37643364386332616539636332663635363531626338353361316532356536643632353834656262
61356564623666666634613034343963383830383761343233326539383339623036393261613031
35613961366639386335363032346630323661653433363935343333383164356636616433373835
30343637643861346138386331633934616532313830623161633166333838333837633135306664
62333363646634363733656163396632353737386164373633353664353064313639346638376461
32393536386530316562636361396464643764636162323965313035306265666165323333373866
35383337346634663038623434373661366337373933653763336239323965626436656432316364
37346163386533623836326564343064393965633538376665383934323235313130626137636131
33363539363364343738653831333433616539666663663562353739303565373236643537326433
37333863343865346432356437393361383933386631336139656362373565313666663063303434
32653936366363626236643863613562336535666339316561653939366561653938316134633136
64633831303762366261306634653833316634306537386232386565366130346237313332343564
30326133646339613331316239333566326236373934616530386564663662313366666637333338
65343165373838303462616233373039613466626432333835623665613638393061363163353136
36393062623537653239333035313637303638643764393237626237303066653037353966386562
61316130363430333233366433613337383065313263323563656430356661386361306239643238
35313238393936333834343664633732303265386330353433653063303065643435636264366534
39613362656334653964323866373764306239343730626331306366326665616361323835393632
33333763363832643931346335343338366566343964313837663666333930646666306662386434
30386635393537656237613665623633343638326265396564333066366431386135336561343134
63646136303139616637383531363833663134343739653535663865316139316332643163356235
30393236366162313131393264366137613838326538396566653664383837656634613938303330
39363364396162323530386461353139663939663133623336333566386632616564613664636363
39656230313435643862396239626432353037306261336266343962643938643135393364613863
32623631316636323461316636633738326330623561666166366634343561633235363339633963
64363065646331656331343534343233386333326639616135383232316137386164303335626435
35353532326161353765386163653831383931623232646361643431633537636363653031663238
35616263626265623732363935303831383764353637363365336562656338373933383461616631
34656462643037653832353363643533323962643038313666356437396339643331613462306539
34333831323230646364646638336330393330623238333733323137646464613535313930623038
37613737306665346531353930333239666636316362616165316536613662316164343830353763
66353562653866336562613239653138663439376265366433363565303462656434356261643935
66366163393534343538623763633837363236393232663961336439376531666463613938346562
39613237393933356130663031663564643637643239393131343132636564636131366365343061
38653163303562353630386365653138326332343565613236353561393831373834313135646339
39333035386635363232303932323964363535373733323638623638613834636339343731366464
61643735653730623164323934363631396265306362396165636235383939353138393561626531
63663961386234323664306136613439346666363233633962653664356332326662353566336333
61383963393766666437366466383139623463333266346536303839326330383333396666666635
66656663303265643939613535313030633566616530396235643262333438376464653732303539
30636135333664333338336436366439363961636534386333333530356139366564656433643833
66383931353438316431346435353536643165383563666633323063356265306436363430386433
33346139636235326536653430646437373230656138616631313965333463633561383630663238
65333132373264303564383835323231613133636665646236323766623539353335353131313966
37393461653862646532633334363866333637363631643261383462613439363533393963626538
62666435303764646139623835303030656336356437636665323130356638313330343932616237
30303637373764306162366262353530323432366435376338323532633163343239626333356532
36663233313531323435316635613039333430373061663863646439646433666532333063336663
33633534343463386232363965623235643635643732653163313563656364303431613837643334
66353333386665613861343931333635613962346536343266643136333565363366313336316466
36363932636333323737373437306337373362366435656662396237613532356466303135383033
66666665616664626335343838633266616666633130623166323739363566333636636636666561
61333765356164393033343139353730393731653463316366323439343066346662336333323764
64396262633766363531366363313430366530613532666134383464643233386563653337313036
62386663633032396666303466396130613833386431656337643238383237633763323565373961
37383839383533633561343736393436666465643433366461326363336637633830326231323661
36303035306437646561643562626137346166383163353265326235323332346330373435366231
32663163633361306630303964643266383363633139303739373234336333663037313833346265
61343038383532356561636161386234633865643636626639386464613132313763326663376636
62383435346364646136373938363762613232376463636331316265613434363435643366323833
62333466623565653839353163326464333536636266623364353161386532373231633932303064
31383738386437643635633365646134303462636630353765346338666437646638373633666462
61616164376330336263663061383065633362626562356466646161656337313735303130616362
32623062616261333337316263386239623861396461336437376538656365613331616563303833
35333262323436336161616364393432646537373863343461663265643661653639623163623132
37646335303863333664336261643434343462646566376232373431303662353461333761316661
37633961616265306333343731663838376363626133663739356133383036353437323933336430
35343330663362643331316366653338633632616563633563663861633536653661636465303265
61396139623134356537323362313839666332643735313637626536306637346634656236653539
32656163356663663162613838343335343862666332623963303266303438633164393535653934
32386134633466633938613438643836653462353565656135386538363336333531303436373066
30323636333465636363643538383365316363396631643636616535343837653665306238353165
32323434326439343735366338343936386463636564313431343966306432363263393762343665
38356431343530643466353833366562653132383261356233396635643837316663366238366563
63613735373634653937303431666363613235343838623033373665383163316561633638363933
30666233356263653534393130333839646363636439326433383663383434633738336537613765
64656333636464663136333232643130326138356639386535373238616636353437616437386333
64323733656534316632396430316537633164303031653632303232393164643039353865343563
36623035306538366335393631633334323836363662623562663161663462383163396236356265
34306537623734656262
