$ANSIBLE_VAULT;1.1;AES256
36393433333965343666313535346237663066663636366563393134653761353535326438323933
6237396162373231323037383936353139623533376362310a653664333565353139376535313832
64653936616363353665353930356632626161643465333936366235363638343165663733386661
6633643832313336330a346537626235663563303238656638316331353732653833376339303936
62333231323237383533643939373634653237643032383734323939316262306635343438323961
61386164626538346636363966653366383739323265336436303038323934396337666365356132
62303065646337343665393438343632373630306537663161666535323666323230393935653338
31356631393461346336303538663563353965633462653865306531376533663039373739353963
65353066323763613634373762626530313831373365366438303435306631373230643339396363
37636431393730333265343337366164636665653934386131316435646234663466643839363961
30363935373738356363363765316136366438373362396264623565306462356337663764353735
35373938353961393338363766343139376362373130626364373930646530336461623031303638
38346531336139313034653630663934323738303039363365663465653335616661613062633161
37663763646331663465306531353034316363646361353936313234626461636333323462313962
38333738303331656431656534626337383964323233316166386232646531656430356234333831
34373439386662383830646638303731313731353534643865303630643931313465356166393165
32646261356234656239383131626261626265376237343866343130356466376633623864643061
35396666323437363331326638366339633366386136313537383034643565343064623631333832
66356631623638383764303437346131303638333439386531376566663863636466313839363533
63373135643933363133303032366334653438616166396233666532616163636631643233383738
34323366306463626461373938393236613939363533323230316166663039323030633333366632
65643264616135623139363065643933663230313436366665393166373038393737626261333533
61333736303665396638396463613733326636336439326563633963653465646465303833326566
32386139653733343965303638646130626331613336373162623961363965653563383233346163
36356433666631623031346237373531343039633366623536326237313139316533343730383437
62323532336632333735383937393733613466383664363334353365613062653935323661346264
32323162643063333565666231633439366536613239663030373138643161646339393132373334
31366133623938316338333131353131616664353564643263633936663635343137333166646138
35666636303430373038616663323936333864666236306461386137643130613664633561393036
65313831303565346662353831623331656465313564393435363633623435623032336538633563
33633761623536313538356362613563666632666436393631383065396566343537336633363333
65336338343262303931363232353838376536303536323434323363366231343563396464616561
37303261316634333035343662623066363165373263386139633332663963616335386461336634
30663230353163373735343965353063366430373662363865346663383265616237343739323233
32383332323663626232306636626164366539623036613366333335326630636532393062343036
33376230323132623064623566663930636630353834623932623231366562393537633465383761
61366436373334393638656131323862616261353730343238663632663730376638343438643632
38303465353265313664396630633835376239623138643137373734623866383539616235323534
39393530343564613838633334353763643063613066353666656138373366653238663236383737
65323734303337333338643735643463386432323634326631663165343462343337616465323031
61356139616365326637373963306130346431653361383939316265393765333762343832323962
66666264306262393834396336613866336433303930636263393239373031363435323963663437
36363661353761363233366166323066633863383233363633326331626164613132326431353239
37373038373330633262343837656535656663373733343336303261356465316535623463363865
63386137663933396361616239363234643862393061346465616632626666613363326134633838
62663566626339316435323339646365623239373037353763376463396432393032616432393366
34356132383433653262313734323131636665663062386666346138313135636339306264633264
62366431623731613738353233383432306663393063393261336231646663343230666333376532
65623232623531333064323536383535316361303036303662393534343138643762393035333537
62623937653237646465656361656663663539333366643332623431303933626136363061376661
34316335656664623936366332393337383936326464633334326363346133363830323663626462
66333366303231653962666134626161323161653364323264313161333764326633373632666435
65623233363363373964396565616335373666613362376164323762383132666539656138323766
32343834376634323531336563646635666339633734313330663736313164646166386336326439
33636535643362316630353138343939306565643130366535633731313533343034613534336166
38613663386636343864376136613566616332373635656637363134336639663834313865313639
30303662373130323263343238306265633362326164326630383035363730306538393934313765
34343364666361646465646666643364353736303232663435373835326331396336346538383536
31336564343866386362623738393631303332363062663761366661313261623739343537613562
36633437383864393039303736346562633263353837313063363865666137663830333530366637
34303965303232613634616134636239383962353765373232663263343739336264386166373535
38326539633462353138653961666132346533633366323964333861336232626435303833663165
35383235333634656433376130333637303533646365393766623537326439333966633762326266
38316637313639323263616665373731363138323630646639323838393030666162613432633265
33323562393064663434633339316365346662313665613934353931643432623730663238303734
62383833626262393632656361386538323464376131633034313535373464656435353461333035
33353466363137656632616331313038333865353563386138363136396638333162636263646637
66396132383464643135623334303564383431663835616636666232663939366163333439346365
61326530613530343737626364623934396638636637326334303834356632376365613633373862
36326664353832333532626237306538373265656362313032333636353661386533663036326531
64656561653963346161323664376332393964383263383435306462353335376231626631316261
66623636633665383063633962366130666538613931616563366437336262383535623136336566
32386130336362393733346264663361343964336465616161663838333136613466643132356562
30356430646435386431326431633430666535373962376639666239343230353631313539303137
62313637653938326566633939376130636132396166636164353535666239353762663963643633
33626430373134623065643138623963336664646336323139636666623738666431656237396663
36343165343430346635613961316161643662303961323865363430643934366433633064333730
33343933363333363935346163616564316331346533616333613261336631323637663133363063
36666663346563346662373332346632383634363532663239663966636131386430336234376634
36396137636463356338623233656137616533393739366461343363653637663561376637636537
34633839623233313961656239313731373830663964326330336335323039373838333435613631
61326536303936623966343534383630336666353961653939353936326337343663383465626332
30306162343031323234383635393666646666623738343638323039626537666361646635343836
33646437623063373865326539613263316231316636353434336663613630636665323961373833
61323961623265613166326163323365396237383539333735346161386138323363353237366132
66663766383031643363613133346264306661633033393434306361653034313231336462323439
38396161313136613265323865356638643064356136383637643935316636353338323835393662
62363738393261616236383937383038626663333237316263623637386635346436306435636233
31653033636565656435313434303563313730623236383231356331396263623761613533383932
32343663623831346137616631393431623238353964323736346164623965616430383064643164
66366231373039623232626239356461666664653262333865363965646363626635626439663636
31383365633065313766373765636162396637343664316363303433396635336434353462623463
66616637643533353134623336623862313062323965383633363933316236333334393938623732
34303036393566306265343137666663623161356436656562376262623134313734363531623561
39336137353861616265313466343130383634623061346438323834613930316331316632626133
61356132396135383234353462656234633065636536633765633938303766613837313139323161
31663437643939663561353334623234336564646331396663366666623933623433633731376564
35366362313737616638636139313135613766333937346533633832366434346330353733643032
37323334643936623237656561393330663766623237613135643463663633393665363561303363
31326639323537653262313038383336316330353863353338303738656433306132383632666132
35313930373161346330363561393533613233323732663936663262353034643537643530383863
38623231353633653339396632323264656137613461383738653861313063613830663138343939
30333435663939653862636363336539313862333365393735616538626239663931366534626335
30343662663761613337343630343465326437313861393935656262366535656537663966376561
36653338386634373239663534326239663364623535356162383164613166613431636630663264
34313565636364303930363264663132326131343233613631396438396433343332666236373663
62616332633965663533653831373561363361613962306266653431663661663237316162336465
34636234376132643337373930326337383164336633633866383536626636653439356439613330
36316334653937303838363730316134366337613964643135343335643531306239616439633534
37663839646165373162343034333838333638616461313832313831393331666466396635313666
343631396165323637626265643331636630
