$ANSIBLE_VAULT;1.1;AES256
38643530656266376231653735333332363463643334333432363034333936356463323763613038
3937373633383039663138323032343830626362303134610a396635343134393939393532623334
64326438316537376264346136353435666261366431313933636531383932636335393332366235
6166666433643965350a353964623632313933313136313035326339383936626434656530666562
61323164626435343862393439313237633631373738313734616265373135363834306132343734
66626265383130646165343339633465323265303132623864323162393263393430666663316165
32663163333236643334323462633464666664373034396539613934376131363333313733656463
34643932653337626266653533333735623537663436316466613535633232613832336566623233
30353437636437353139346539656330623336396136343433646335376463623635393966613536
31396465383035643830366236306639396436623564626534376161623236636533353630626239
31346339393866313631633837313962643533366635326331396634656538313866376537313664
66373339373734366464333838323665636238373266623065666638316563623361393136366561
39316330376461336633663666343562386230386263626566333533663231363364636639393739
34353864306237366566346163366531303433306466313533366361353931656430613566396131
32643235316335646637636330613065373361386438666661666639376132343936343836396564
63386462306331343235613030326338613032336462623439383131346632616539353631336633
32353530616165376164626561373236393864353565316635663066613136653463626661633937
39373939626263303538636263323237303638303733356631303835623933353938303338356563
32343036323134616232323338313833653631373130343061653663353565633765373532393530
65313837373261363165633331313535383631376536393931303032613636393561343962303963
65306434613662663066643135623638636466613731663538646434363433383266316233613531
61613962353730333831326262353238643037633163343831656234613137666165373365353662
61343838623764653939626262663836653239396236623031333265613838396632653130616338
33323436353135326638313365633262353465633130383662623965303536366339666632323361
38613164346663323638656237306439373533623233386637376661346536643930376464316135
30633932626134373764346137613661356636373438333230336339326465613734666636623135
37666631366266323639326562636663366339626233666133363731333530616530646265313930
35626633336466393633386433313738393866303061366638383136623030656261326362656634
36616232653364356163313939633833393738613863336163353738616130656234323932346263
35613038653761323832616230656561336132313630383532353637626338356231653333353161
66623861623938613331376233373361376439383131656462386631316563653335653738633035
38663964366132323562663230666334346232303433663163303265643438326263373332366433
62363031333562663931346464383534363132653334383735653230613837323837353331396331
39356535383439326338336339623938386434363335363065316236616664376161326666373937
63616139653966613836646464643366646265383937656137386537383932363739623536393561
64616366663265393138303564363164303738653337306361666165616336656532656531316639
30316261396337313232323935393630386435376539306463326163363066656664643436343439
39363963373233646631633732373730323431333333623339313335333265373264376238626130
35666264383936333137343838643435313466333730613538366535613239643562373730323730
65346266373031363666393566636239333036393432643164383739386637653130616431366564
63643337303039636532663830643734313366323830356136613339643532633066306466653464
37623838386263646264356566393132316562316565643363663939383730383839336664643163
37323863343333653464313031363563373939316131646133376339373062306537383732323037
31636163303165646138346130373933663130616234616164333335656563336339313336663734
34626162323063366532393536396638326665353264313862353066373364333262636465313162
64663738333839393236616162303136663563353237623737386264366461393639343530323934
33373331303966656635656365383930386532646430363264363338336632643065663938336239
61656631323066396164346336376138636534356366326332376532663438626230353966613539
63653131666535386135373736613335616231396663383765353962653638363031386538316566
66306635636163663165623538313663643263393262326538626164303565643363366135326665
61306636656630613737393361326135373466326361626566363965383863376237616530643034
65393137633465393336646230373666663036393265333736343565396661303134336466393438
37343534323161333563393033363165343766316131336162623635383964306439636436313537
33616566636532656564396334623464626134633032626436303463393562326539376532303931
62666634623865373436653330333764326366346465376131376532343730643633666132376164
32373534316462303538343733633630363834343963663335623461313733393732316132333662
34373964663464663030653033383366316365666163333934616635303736336264346232363334
33316233643836323761316466383835333162656235353230643164303463333433363566626663
65656236306462613865386537633532633232643534383533346162396630653330393861653331
61666431353930643339653238633065653834393538646463663532393734643630303533333533
64323134666664306131646561356364373636333466326464376265323930373532363263373136
63613833636630643563376562363062383762616562313964616537616531633936303262633330
31656564316537643039346465393931316635366166373566376237363437376263353234613637
32313361653336363166663966643164383863643536346237366166393139353032356634316530
30643139393539303334376166373639653939633039373764326161656231356534396530616137
31656534323737643633633764363938386439363864356261373334653730306162643535373934
31333933383133656638613136383964616139346264376263636438616562643433363464393137
35313534343833663632386534313935383865313935333530363139346431666465616165336565
64366562633461343461396636343533363135393331376161633237663964643866636230393132
37363539386632373066636561366432386265336439613663366562326533656563366237613661
39343636323863303334313261373764613163613036346233396661326232656465386235623631
63663234393064626465626637393163306139303430343765336262323939366264353931383563
30376136363364323235613564376334306330646536376463306136346131366435333662396661
63323738643236666439653034666538336132313365303732656636346363643636396138636138
36633231623836383165386633353234613065663232326362323935616466376462363835646534
64336231373261383637633165633164346161346665303439333237333034386138343532353365
66393237363535353062663830383133386533393461313337623361353566376239643862333535
65393461303036346537353263386438633834346439653465613034306461653966333235376435
66653332313332336162323833393332383762636335613535306263303762376434336266346239
63343435623539336537343637653933376132663132656138333030326130653861343934383038
31366632316333333765643863366436363933346362356630663063353832633763313737663064
39666131373537306465643533396339633765333333336431373365323737656239633964356466
34333632623432346363376636343138336332326464646234656461316563313937633466666436
39386161333434383263323266623030356162663064663631353066316261653162386239653935
30393830613639333261353236313435353363376263373931356136356531393038373764343161
35353366333830356437313430373932643866356133373166356138663130623832353864326635
33613261623337303162386438623635333465343936656535666336666135623838393066653063
31626137653133396163
